5.297624406101526517e-01 2.654799265531472884e+03 5.594086570075679674e+02
1.274206051512877913e+00 1.126658944447245631e+04 2.108341485065745019e+03
1.238257064266066187e+00 6.580833263646297382e+03 2.064522621953665293e+03
4.428857214303576484e-01 2.586117702125252436e+03 2.517499483637196533e+02
5.342560640160041174e-01 2.823592526344571070e+03 6.223424478013083672e+02
9.177119279819949682e-01 5.317257735416491414e+03 8.955283221241369347e+02
2.062215553888471220e-01 1.073827463646662409e+03 2.561550067714915713e+01
1.927406851712927249e-01 8.587999300815595234e+02 7.475276020898009222e+01
7.394648662165534958e-01 5.253934642382971106e+03 8.655807131931464937e+02
2.796174043510877283e-01 1.460058864535787961e+03 9.244129908575666832e+01
7.274818704676162540e-01 4.729653875237289867e+03 7.097876601357334039e+02
1.107941985496373682e+00 7.558082584745499844e+03 1.320850008974746288e+03
5.462390597649413593e-01 4.539225410033015578e+03 7.984523745622171873e+02
5.687071767941986877e-01 3.790575128544455765e+03 4.165186253358110093e+02
9.985971492873213506e-01 6.908020494888251051e+03 1.224704242515352462e+03
9.476694173543380728e-01 5.241264412752107091e+03 1.012182624257765383e+03
1.163363340835208426e+00 5.569312132747899341e+03 1.761213372540607452e+03
9.761290322580640222e-01 7.730407837938381817e+03 1.262871214833591921e+03
2.026139034758689395e+00 2.243739195065135937e+04 4.065133818631190024e+03
1.024061015253812990e+00 8.701034987688903129e+03 9.439889240330595612e+02
3.410302575643910927e-01 1.947661001048469871e+03 1.491146146944724649e+02
1.110937734433607993e+00 9.699794698353889544e+03 1.349250911506924695e+03
9.476694173543380728e-01 5.678654432080634251e+03 1.072742234966622163e+03
3.679919979994998869e-01 2.083262752341860960e+03 1.913117497833149514e+02
5.177794448612154099e-01 2.978909780963442245e+03 2.818269532744016033e+02
7.439584896224049615e-01 4.239459059812241321e+03 4.630563291659098581e+02
1.130410102525631011e+00 7.497579427761203988e+03 1.116818347345073107e+03
9.596524131032753147e-01 1.040154667009498553e+04 1.379473186929107669e+03
3.005876469117279015e-01 1.632529884527452850e+03 1.205347452211542247e+02
7.140010002500618569e-01 4.661819105450762436e+03 5.265201480311559408e+02
6.046561640410104133e-01 4.233883933432833146e+03 4.410583154775263779e+02
1.034546136534133076e+00 6.808817693215421968e+03 1.316285833132185417e+03
1.139397349337333942e+00 6.143725039713006481e+03 1.721756804134758568e+03
4.249112278069517856e-01 2.168909522692164956e+03 2.698078726040374136e+02
7.005201300325074598e-01 6.025214248046468128e+03 9.136033536793112262e+02
3.275493873468366957e-01 1.844919005682734905e+03 2.239269164442935676e+02
7.903925981495367736e-01 4.776801682934570636e+03 6.812109095530378227e+02
4.054388597149287676e-01 2.435150243890920592e+03 4.321588616204419395e+02
1.374563640910227313e+00 1.146923158527858141e+04 1.788738204255211258e+03
7.993798449612397050e-01 4.420635735910201220e+03 5.676381323714723521e+02
1.124418604651162390e+00 8.786820385169206929e+03 1.241317548839127539e+03
6.151412853213304999e-01 4.355684008153216382e+03 5.435407314589253929e+02
1.987321830457613459e-01 9.566473595847403431e+02 4.432672070806472675e+01
4.458814703675919588e-01 2.864762837333170864e+03 2.853083935819448698e+02
2.212003000750186743e-01 1.173267872280525808e+03 5.426770734343282498e+01
4.758389597399350635e-01 2.160880899572789986e+03 3.652562532089677916e+02
6.346136534133526297e-01 3.795439605165177909e+03 4.770306201238030894e+02
9.596524131032753147e-01 5.958102912662568997e+03 8.241100671082689360e+02
1.024061015253812990e+00 6.702834816724976008e+03 1.626300439333557506e+03
5.537284321080271354e-01 3.905423341171965149e+03 4.521881307011377089e+02
2.916004001000249701e-01 1.244100732600192714e+03 2.146718481220357830e+02
9.386821705426351414e-01 5.019358895118757573e+03 9.258566622575280007e+02
4.578644661165292007e-01 2.130896932400924925e+03 2.365815075576004176e+02
1.462938234558639472e+00 4.932206969774140816e+03 2.372400790290771511e+03
6.720605151287815104e-01 4.625732349059259832e+03 5.435068712461320501e+02
6.376094023505869401e-01 3.981209179032930024e+03 8.342467216515142354e+02
1.418129532383094471e-01 6.341826305841801741e+02 4.841375298543984940e+01
5.821880470117530848e-01 3.280599075996395641e+03 2.803451342587291606e+02
7.020180045011246150e-01 4.349087162844798513e+03 5.247082447966720338e+02
9.117204301075263473e-01 6.196677982352798608e+03 9.967378029662627341e+02
3.470217554388597136e-01 2.042233347889887909e+03 2.836375172365040385e+02
2.841110277569391940e-01 1.370229907669898694e+03 1.041539509026139996e+02
9.326906726681665205e-01 5.998981462531703983e+03 1.428247126378140365e+03
3.889622405601400601e-01 2.622103840025892168e+03 2.831783820101790639e+02
4.803325831457865291e-01 3.240702573104647854e+03 3.414755902732236450e+02
1.864368592148037074e+00 1.253677084403941808e+04 3.491547390164977514e+03
5.642135533883472220e-01 3.551004085480911726e+03 5.566697630714519391e+02
3.575068767191798003e-01 1.996707429510871407e+03 2.242145307310432827e+02
7.110052513128275464e-01 4.169429061779199401e+03 6.680499261363482901e+02
1.045031257814453163e+00 5.922298292433019924e+03 1.207188177119192460e+03
6.211327831957991208e-01 3.860866597591702885e+03 5.238089725324559822e+02
1.707091772943235775e+00 1.316574769345543609e+04 2.877445834921164078e+03
1.657789447361839308e-01 7.772390525472737863e+02 4.916138949081000931e+01
3.769792448112028183e-01 2.245564241701720675e+03 1.635753162566926449e+02
8.892523130782690188e-01 7.112808846936044574e+03 1.276483505414086949e+03
4.039409852463116124e-01 2.224975937018756213e+03 2.275374909764061044e+02
9.491672918229552280e-01 8.179665228809391010e+03 1.181582693652885382e+03
8.682820705176288456e-01 4.797317054935633678e+03 1.325837058450940731e+03
6.046561640410104133e-01 4.017320159424703434e+03 6.539398514599549799e+02
1.166359089772442736e+00 1.182263397817230361e+04 1.865329419018491762e+03
8.862565641410347084e-01 7.516417905117573355e+03 1.422392253102217410e+03
1.957364341085270354e-01 1.063952818369382612e+03 5.670178966040669621e+01
7.080095023755932360e-01 3.795266836418844832e+03 7.189130670827191807e+02
5.402475618904727384e-01 3.516107363263815387e+03 3.339965683180312226e+02
8.892523130782690188e-01 7.210635438671876727e+03 1.339172945122830924e+03
1.191822955738934375e+00 9.400461553377954260e+03 1.652922172904857689e+03
8.038734683670911707e-01 5.489101603970623728e+03 1.279620073028173920e+03
7.289797449362334092e-01 4.001976634782677138e+03 9.260405864788098143e+02
1.089967491872967820e+00 6.331492609787984293e+03 1.765051851537915354e+03
5.926731682920731714e-01 3.252585729587925016e+03 3.081492942337579279e+02
5.192773193298325651e-01 2.290301716099998885e+03 6.391256469104694133e+02
1.299669917479369552e+00 1.027090256865008814e+04 2.208168835500287514e+03
5.162815703925982547e-01 2.883766331601405000e+03 3.442427459235916558e+02
6.271242810702677417e-01 4.239149978401458611e+03 6.248577422283773330e+02
1.080980245061264888e+00 9.316099471256187826e+03 1.441150982532820080e+03
1.200810202550637307e+00 6.859092884103752112e+03 1.998292670269097016e+03
1.077984496124030578e+00 6.137313036166368875e+03 1.674293679298675443e+03
1.376061515378844469e+00 9.526464096932457323e+03 2.294169249353013583e+03
7.469542385596392720e-01 4.408216403807308780e+03 7.955589950703645172e+02
6.975243810952731494e-01 4.399948954073319328e+03 4.683675765756115652e+02
1.094461115278819285e+00 8.677463689878215519e+03 1.201557976110213986e+03
9.461715428857209176e-01 6.890294630051911554e+03 8.228248526741624573e+02
1.039039759939984542e+00 7.674208758324030896e+03 1.144805463414473252e+03
1.233763440860214722e+00 1.004476702758542888e+04 1.631952115215015965e+03
6.376094023505869401e-01 4.650776019540432571e+03 9.589708742522885814e+02
1.051022755688921784e+00 7.379390319381106565e+03 1.447590122129701285e+03
6.286221555388848969e-01 3.361002719278432778e+03 8.415676230152888593e+02
4.818304576144036844e-01 2.745443442553847490e+03 2.110184218813207337e+02
8.997374343585891054e-01 8.622774935245201050e+03 1.024821458186739619e+03
2.960940235058764358e-01 1.492541259933452920e+03 8.478639403344131154e+01
7.559414853713422033e-01 5.819765971953945154e+03 7.988332226854458895e+02
4.353963490872718722e-01 2.447618303210271733e+03 4.420053154628716925e+02
9.761290322580640222e-01 7.612876756793583809e+03 1.575534281374032162e+03
7.589372343085765138e-01 5.422417809041048713e+03 6.056784483732285480e+02
4.234133533383346304e-01 2.498219325498424041e+03 3.816722306540194722e+02
7.918904726181539289e-01 5.970872905408155930e+03 1.155131322689332819e+03
1.503380845211302663e+00 1.211471494977625662e+04 2.386305506822828193e+03
1.343235808952236710e-01 6.576562512987320588e+02 2.092791180880878343e+01
1.404521130282570418e+00 1.162318834805803090e+04 2.264910961884294011e+03
9.656439109777439356e-01 7.919057027739445402e+03 1.407362060205711714e+03
6.406051512878212506e-01 3.625989466698725209e+03 7.259000144930117813e+02
4.578644661165292007e-01 2.788673473741817361e+03 3.141384116866429963e+02
4.024431107776944572e-01 1.785463619705100655e+03 2.140669427694128899e+02
7.154988747186790121e-01 2.195737628849949942e+03 1.050158776517682099e+03
7.169967491872961673e-01 4.109880936398963968e+03 9.413859379171402679e+02
1.497389347336834042e+00 9.170950164338913964e+03 2.794121645020841243e+03
6.675668917229300448e-01 5.293535866229071871e+03 6.071309769197628157e+02
1.274206051512877913e+00 1.136182827896723211e+04 2.032329498858525085e+03
3.605026256564141107e-01 2.117065176072148461e+03 9.183710169664402656e+01
1.641185296324080944e+00 1.814883614994175878e+04 2.531782928815165633e+03
8.592948237059259142e-01 5.994786516869937259e+03 7.909604964762925192e+02
4.234133533383346304e-01 2.376971137615271800e+03 2.206453758525642854e+02
8.967416854213547950e-01 6.783372764289025326e+03 1.211191658576600958e+03
4.383920980245061827e-01 2.755469597558145779e+03 1.715588057663549648e+02
6.256264066016505865e-01 3.644005977990995689e+03 6.590941368439921462e+02
1.401525381345336108e+00 9.758011423285131968e+03 2.511798682110635582e+03
1.236759189797449032e+00 6.772591448156979823e+03 1.381844492330680396e+03
4.668517129282321321e-01 3.484633775040704222e+03 4.705802904594415281e+02
1.432980745186296367e+00 1.527250764065117801e+04 2.477948176143512228e+03
3.739834958739685078e-01 2.458020756634681675e+03 4.551590418608116124e+02
2.122130532633157429e-01 9.292415584042954606e+02 1.532196811352669670e+02
1.046529132283070318e+00 7.764553773275103595e+03 1.202608933220576318e+03
1.113933483370842303e+00 1.292443310709126672e+04 1.909330729353452398e+03
2.077194298574642772e-01 1.085816408002873004e+03 4.023520168693083576e+01
5.851837959489873953e-01 3.105948063303842446e+03 7.455042394196499345e+02
7.259839959989990987e-01 4.475426436181342979e+03 6.066664734815739166e+02
1.089967491872967820e+00 5.557775907677333635e+03 1.491429240498499439e+03
5.537284321080271354e-01 3.579514224945845854e+03 3.646356169335439290e+02
3.155663915978994538e-01 1.564958536516220192e+03 1.305042295367810254e+02
9.926056514128527297e-01 7.641136451485650468e+03 1.223592351641902724e+03
7.379669917479363406e-01 5.097599513438016402e+03 5.282573594943030457e+02
7.349712428107020301e-01 5.575435012063235263e+03 4.186134778634713030e+02
1.491397849462365421e+00 8.308021744905992819e+03 2.208986031260149957e+03
3.425281320330082480e-01 1.787919960697330225e+03 1.058521076600325301e+02
1.907806951737934575e+00 1.265540412105033829e+04 3.234179248366765478e+03
1.266716679169792137e+00 8.548008059923744440e+03 1.685304571438482071e+03
4.264091022755689409e-01 2.381192081395987316e+03 3.150177413816230114e+02
1.647176794198549565e+00 1.532787820546255534e+04 2.391000244185104748e+03
7.724181045261309109e-01 2.547141371518146116e+03 1.015958740951406980e+03
9.596524131032753147e-01 8.072830730336734632e+03 9.305671372512981634e+02
1.254733683420854895e+00 8.754666921944999558e+03 1.425403225759622956e+03
2.721280320080019521e-01 1.478460181288568492e+03 8.828923289522194295e+01
1.227771942985746101e+00 7.278223445611262832e+03 1.476163505022640948e+03
6.376094023505869401e-01 5.159272295768331787e+03 7.927282081352410614e+02
3.440260065016254032e-01 1.718053149002999589e+03 2.902781574567605958e+02
7.065116279069760807e-01 3.829424224444886931e+03 1.103380038811901386e+03
4.383920980245061827e-01 2.698490598098294413e+03 2.424968750638228414e+02
1.125916479119779545e+00 5.195253047358587537e+03 1.644400263234532986e+03
4.099324831207802333e-01 1.978630736033800304e+03 3.579577544016102024e+02
3.560090022505626450e-01 2.153441709949793221e+03 2.588203794643731044e+02
5.806901725431359296e-01 3.095850490789336618e+03 4.913166666463217211e+02
7.274818704676162540e-01 4.437509383985386194e+03 1.138875952943891434e+03
5.672093023255815325e-01 3.432896219867158379e+03 3.847028219858573266e+02
6.540860215053756477e-01 2.968364786731003733e+03 9.441216513634501553e+02
6.361115278819697849e-01 3.676289225926071595e+03 4.437171413767622425e+02
9.731332833208297117e-01 6.873260228871065010e+03 1.385547643210909655e+03
9.671417854463610908e-01 6.675949705427772642e+03 1.164120630768954243e+03
4.923155788947237710e-01 2.655777796823079825e+03 3.379680794205303869e+02
1.024061015253812990e+00 7.962514094938009293e+03 1.075208886721380168e+03
9.117204301075263473e-01 6.075743279796716706e+03 8.715249530853321858e+02
9.611502875718924699e-01 7.427824247574635592e+03 1.287835404094656496e+03
9.611502875718924699e-01 5.170751041656005327e+03 1.260810482214556714e+03
4.923155788947237710e-01 3.133592348438387944e+03 2.667698872850702969e+02
3.515153788447111793e-01 1.794407477037105082e+03 2.214555389773766763e+02
3.889622405601400601e-01 2.166049278745613265e+03 2.171915416632436120e+02
7.784096024005995318e-01 4.138427482665432763e+03 5.671494851432541964e+02
8.982395598899719502e-01 3.641790732135063081e+03 1.210880179007575862e+03
4.803325831457865291e-01 2.429453292755742496e+03 3.628780219021737139e+02
6.106476619154790342e-01 1.804205041543755897e+03 6.276473978775060232e+02
4.099324831207802333e-01 2.112976247136160509e+03 1.686061294394211529e+02
4.548687171792948902e-01 2.866178817850679025e+03 2.965668611587677788e+02
1.253235808952237740e+00 8.217450647333273082e+03 1.964837827641190188e+03
3.949537384346086810e-01 2.052229401329042958e+03 4.128466720577894193e+02
4.309027256814204065e-01 2.700514677613287859e+03 1.632717461159874404e+02
1.022563140785195834e+00 6.993842317595918757e+03 7.977363991635844513e+02
1.022563140785195834e+00 5.415719143036451896e+03 1.695158209403398132e+03
9.566566641660410042e-01 6.778653819065128118e+03 9.500572558032457664e+02
4.848262065516379948e-01 2.054013959739852908e+03 4.080516415617856865e+02
1.054018504626156094e+00 6.701106045326663661e+03 1.525143059344872881e+03
1.332623155788946967e+00 1.173100193053962175e+04 2.143574265623773499e+03
2.092173043260814325e-01 1.242304924856744265e+03 1.068215281804732513e+02
3.095748937234308329e-01 1.603250994459345975e+03 6.974871277886096266e+01
7.903925981495367736e-01 4.463126160497717137e+03 1.070935758851925584e+03
1.807576894223554831e-01 9.184692005966828674e+02 3.019906835937104717e+01
6.570817704426099581e-01 3.460750517549367487e+03 4.305719338582549653e+02
8.203500875218798782e-01 5.652348978057542809e+03 8.086323184227504726e+02
6.930307576894216837e-01 3.972393505454989281e+03 7.330920435230532348e+02
1.077984496124030578e+00 7.573886895314721187e+03 1.178057702418528379e+03
8.937459364841204845e-01 4.233914930523602379e+03 8.951833995207088037e+02
9.222055513878464339e-01 6.672016729762522118e+03 1.222041080919010938e+03
1.403150787696922919e-01 6.883606893969624707e+02 1.902251728740990444e+01
1.012078019504875748e+00 4.571634743021721079e+03 1.221212547238660363e+03
8.428182045511372067e-01 7.909946062238179366e+03 1.044237265171155741e+03
4.923155788947237710e-01 2.931723854764271891e+03 2.453245492791735671e+02
1.185831457864465754e+00 9.122897786639381593e+03 2.036043218476457696e+03
1.154376094023505495e+00 8.835886420441711380e+03 1.658763918319712957e+03
7.948862215553882393e-01 6.413917998966455343e+03 9.502262409031684456e+02
7.858989747436853079e-01 3.994999332747526296e+03 5.620356323197792108e+02
6.331157789447354745e-01 3.532287281992185854e+03 4.150505686599437354e+02
6.241285321330334313e-01 4.673536710296224555e+03 4.806597790314101530e+02
7.334733683420848749e-01 5.496107743989396113e+03 7.924464804290053053e+02
1.945253813453363456e+00 1.736744733887359689e+04 3.404811388430850002e+03
6.510902725681413372e-01 4.271955277993432901e+03 3.677192330610037629e+02
2.212003000750186743e-01 1.260273429267846495e+03 1.045139956067868212e+02
6.092773193298306467e-02 2.872413260315082084e+02 3.977844931889759295e+00
8.667841960490116904e-01 4.163693589263431932e+03 1.180542776738117936e+03
9.881120280070012640e-01 8.703271624644848998e+03 1.018033093009374397e+03
8.023755938984740155e-01 6.919203483198726644e+03 1.137744916437485927e+03
6.675668917229300448e-01 3.658625522873468981e+03 5.438304814371608700e+02
7.499499874968735824e-01 5.786558934282806149e+03 6.766367218072871310e+02
1.420997749437359126e+00 9.688472809601225890e+03 2.201673638725259934e+03
1.537959489872466889e-01 7.557475007421812734e+02 2.087494859786703216e+01
7.724181045261309109e-01 5.184126241242254764e+03 6.086949801598179874e+02
4.099324831207802333e-01 2.520394312496500334e+03 1.988741151536316352e+02
7.709202300575137556e-01 4.435358678769006474e+03 5.778949975149096190e+02
4.998049512378095471e-01 2.387346634976459882e+03 6.214889226045448822e+02
7.814053513378338423e-01 6.354202490246284469e+03 8.300382611506897774e+02
5.387496874218555831e-01 3.618440242555936038e+03 4.753405113713978380e+02
4.039409852463116124e-01 2.370197562296235901e+03 1.898125968131733714e+02
9.102225556389091921e-01 7.011641609025893558e+03 1.460375409064691894e+03
2.616429107276818655e-01 1.457966880401208073e+03 6.066114887388392418e+01
7.424606151537878063e-01 5.750579518854867274e+03 9.610543140416339156e+02
7.514478619654907376e-01 3.724837661147079871e+03 7.299151872608946405e+02
9.371842960740179862e-01 7.465122831521081025e+03 1.023030080451874369e+03
8.188522130532627230e-01 5.501769879592728103e+03 1.106500553890897663e+03
1.089967491872967820e+00 7.151725212046724664e+03 1.335122708215467128e+03
4.473793448362091141e-01 2.923729662692532656e+03 2.752715415181033336e+02
9.551587896974238490e-01 5.839852765987627208e+03 9.767305958077673722e+02
1.239754938734683343e+00 9.505402862570985235e+03 1.659436114836685874e+03
1.046529132283070318e+00 8.160016445699847282e+03 1.269363860011382940e+03
6.436009002250555611e-01 4.077188510399813367e+03 7.388843932664686918e+02
8.488097024256058276e-01 6.465460940774640221e+03 9.863903186483850050e+02
1.850887721930482677e+00 1.106729700737704297e+04 3.469546253419036020e+03
5.761965491372844639e-01 3.719564878780209710e+03 5.168229272736913344e+02
4.818304576144036844e-01 1.168544733887016946e+03 6.831381382919082625e+02
1.406019004751187573e+00 1.019075660442836488e+04 2.537422895756893013e+03
6.316179044761192074e-01 4.643165317730832612e+03 4.791511675128747925e+02
9.761290322580640222e-01 7.219636578421761442e+03 1.524115517827777239e+03
9.222055513878464339e-01 4.969220067410505180e+03 8.303597639345795187e+02
2.541535383845960894e-01 1.343980971274539115e+03 7.728074754533226098e+01
8.742735683920974665e-01 5.290173616405227222e+03 8.236950663647893407e+02
4.383920980245061827e-01 2.145650495542752196e+03 3.800840019140784989e+02
1.293678419604900931e+00 7.519174580598445573e+03 2.042565582952035356e+03
6.645711427856957343e-01 4.529123812536031437e+03 4.931654136775916868e+02
1.205303825956488772e+00 7.677761631098623184e+03 1.441922612626719456e+03
7.184946236559133226e-01 4.685930448024098041e+03 8.347329770775997986e+02
7.933883470867710841e-01 7.352895098952999433e+03 9.862944415950242956e+02
5.866816704176045505e-01 3.528416637866995643e+03 2.661265411785634569e+02
9.506651662915723833e-01 4.061520779969096111e+03 1.074143419987788093e+03
4.473793448362091141e-01 2.684534692494497449e+03 2.079879664688840535e+02
3.634983745936484212e-01 2.313839954912007215e+03 3.276229052712647558e+02
1.191822955738934375e+00 1.159864296423620544e+04 2.023156996710923750e+03
2.226981745436358295e-01 1.148998254078686386e+03 5.433603127353110551e+01
6.016604151037761028e-01 3.931311086879610684e+03 4.591731237408608877e+02
1.083975993998499199e+00 8.600258885909233868e+03 1.343487620136219448e+03
6.166391597899476551e-01 3.338156245098265572e+03 3.437736491235594372e+02
6.630732683170785791e-01 4.421298638557989761e+03 8.471115856517698148e+02
9.446736684171037624e-01 8.789603856437459399e+03 9.579879833713429207e+02
6.885371342835702180e-01 2.729805583794353879e+03 1.024081488654159784e+03
2.047236809202299668e-01 9.713648526319423127e+02 4.933424217602217254e+01
5.507326831707928250e-01 3.602388940935211849e+03 4.578085701589043879e+02
7.214903725931476330e-01 4.607062754525749369e+03 6.414090182171120205e+02
1.055516379094773249e+00 8.005259937681356860e+03 1.005551241246750465e+03
6.361115278819697849e-01 3.820432921010310110e+03 5.776390794548086660e+02
3.799749937484371287e-01 1.931495193815001812e+03 1.478161681460034345e+02
4.144261065266316990e-01 2.282543543040562326e+03 1.670621493566352740e+02
1.170852713178294202e+00 1.101222139218009579e+04 1.716015417548078176e+03
5.776944236059016191e-01 3.786618994558775739e+03 7.630341750499632099e+02
5.192773193298325651e-01 3.007557067953296155e+03 3.453145332553042408e+02
5.192773193298325651e-01 2.982625536798457688e+03 3.889593467074494129e+02
1.473423355838959559e+00 8.206825587006591377e+03 2.586645743069251694e+03
6.136434108527133446e-01 4.012019009699394701e+03 6.389420847907327925e+02
9.551587896974238490e-01 4.710662193075711002e+03 1.521812583029728557e+03
3.590047511877969555e-01 1.838084676100992738e+03 1.589661109860645922e+02
3.230557639409852300e-01 1.985673839774812450e+03 1.709222816477337972e+02
4.129282320580145438e-01 2.441178513075807587e+03 2.263678913935656567e+02
1.401525381345336108e+00 1.127018708704697383e+04 2.151505485948888236e+03
1.897321830457614489e+00 1.738041411398734635e+04 3.169820688311503545e+03
1.215788947236808859e+00 8.906529826235784640e+03 1.949622586994663379e+03
1.319142285571392570e+00 1.010935889131058138e+04 1.665576360189176057e+03
9.761290322580640222e-01 6.154505886624702725e+03 1.172973724732869641e+03
3.814728682170542839e-01 1.959386081708687243e+03 1.479019900774598000e+02
7.379669917479363406e-01 3.489454503757558541e+03 1.046270371033707079e+03
4.174218554638660095e-01 1.784053219288225137e+03 3.957232284511750322e+02
1.407516879219804729e+00 9.318964849501342542e+03 1.946323064480405719e+03
7.604351087771936690e-01 5.553887278923173653e+03 6.279441113926249045e+02
7.589372343085765138e-01 4.585553127188783037e+03 8.196876456687886048e+02
5.072943235808953233e-01 2.658819712674438051e+03 3.033689168168323249e+02
9.836184046011497983e-01 7.637460665203014287e+03 1.575987664157850077e+03
5.672093023255815325e-01 3.374098649259228750e+03 3.819425799988121071e+02
8.937459364841204845e-01 5.675310225488463402e+03 1.331479718733355412e+03
4.818304576144036844e-01 2.458766302414147503e+03 3.745310947027932684e+02
4.279069767441860961e-01 2.324593977144100791e+03 2.130343802065526688e+02
6.046561640410104133e-01 3.146222504959655907e+03 5.716175874734944955e+02
4.279069767441860961e-01 2.345768480554404505e+03 2.789872226009453584e+02
1.184333583395848599e+00 7.265865247982803339e+03 1.626914190842312109e+03
7.649287321830451347e-01 6.010391530486315787e+03 9.470717427299199471e+02
1.467431857964490938e+00 1.071403365347202634e+04 1.921834757542786747e+03
8.338309577394342753e-01 4.865117255854954237e+03 7.880901383309379753e+02
2.092173043260814325e-01 1.126687030163835516e+03 9.807762599144797377e+01
9.311927981995493653e-01 6.391780490840520542e+03 1.119925400326801764e+03
7.499499874968735824e-01 4.047724944266444254e+03 3.675217766427843458e+02
1.196316579144785841e+00 6.946752187469668570e+03 1.368787229383991189e+03
6.555838959739928029e-01 3.270237443448233535e+03 7.471952901639803031e+02
1.400027506876718952e+00 7.625513656581018040e+03 2.135793158573714663e+03
5.911752938234560162e-01 4.251911866192894195e+03 6.960227440907642631e+02
1.250240060015003429e+00 1.048912062915029674e+04 1.802915334362104659e+03
1.852513128282069488e-01 9.199718667816061952e+02 5.544803008164998914e+01
1.489899974993748266e+00 1.054747913994687588e+04 2.209972203336894836e+03
1.095958989747436441e+00 5.883503798227375228e+03 1.225300717999473818e+03
2.736259064766191074e-01 1.384357672095653925e+03 1.600408264980183333e+02
6.885371342835702180e-01 4.485819099679269129e+03 3.572105505344140397e+02
3.694898724681170421e-01 1.978776617800255508e+03 1.870183583667574396e+02
8.098649662415597916e-01 4.660779993862501215e+03 1.250183871077799722e+03
9.911077769442355745e-01 6.951769164132478181e+03 1.349259597566503317e+03
3.664941235308827316e-01 2.046331838782364457e+03 1.607293329251973262e+02
8.562990747686916038e-01 5.865267541793937198e+03 9.678773015749754904e+02
6.645711427856957343e-01 4.454370789746816627e+03 4.031151137253148704e+02
7.274818704676162540e-01 5.982115982535987314e+03 9.634712326813859136e+02
8.742735683920974665e-01 6.828987403099306903e+03 1.101026983573443204e+03
1.299669917479369552e+00 1.113336765023230510e+04 2.070011946360021739e+03
7.424606151537878063e-01 3.707962627059678198e+03 9.710322576235942051e+02
8.772693173293317770e-01 4.347346116667592469e+03 1.221590880564178860e+03
7.724181045261309109e-01 4.554436179178937891e+03 7.979279757475947008e+02
8.622905726431602247e-01 5.802069622663649170e+03 7.463936680507288202e+02
6.615753938484614238e-01 4.338674686761514749e+03 7.518410513771494834e+02
1.242750687671917653e+00 9.520513618321056128e+03 1.726877642099348805e+03
5.582220555138786011e-01 2.395474470088678572e+03 4.296378841510618827e+02
2.886046511627906597e-01 9.382759311756950638e+02 2.809243766741930699e+02
9.881120280070012640e-01 7.070165229885289591e+03 9.428886230349449988e+02
1.425491372843210591e+00 9.953982009113396998e+03 2.113738261204819537e+03
6.780520130032501314e-01 6.609874641955644620e+03 9.091293418586753887e+02
7.080095023755932360e-01 5.589973034185630240e+03 9.049137740976249233e+02
4.863240810202551501e-01 2.692802327114152831e+03 3.616318715725665811e+02
7.050137534383589255e-01 4.468823742394964029e+03 6.158344405924872262e+02
7.379669917479363406e-01 4.069266447928434445e+03 5.419381579237171991e+02
1.134903725931482477e+00 8.326634936450051100e+03 1.218537215965295673e+03
1.152878219554888339e+00 1.018740220126771601e+04 1.580146517035678244e+03
1.012078019504875748e+00 6.629697908533017653e+03 1.302183358415461953e+03
8.712778194548631561e-01 4.549387300325846809e+03 9.179424262554753113e+02
2.030632658164540860e+00 1.186636175942586851e+04 4.001996780094672431e+03
1.305661415353838173e+00 7.155846420984243196e+03 1.592690137592576093e+03
4.368942235558890275e-01 2.801761281464291642e+03 3.755595005048693338e+02
3.634983745936484212e-01 1.998473215976733627e+03 1.437909479016834098e+02
4.473793448362091141e-01 2.889609369842687101e+03 3.301457233681140337e+02
9.641460365091267803e-01 3.111652504748597039e+03 1.522631199483290857e+03
1.621712928232057926e+00 1.147800571667226359e+04 2.375811275235355879e+03
1.533338334583645768e+00 1.862302196080989233e+04 2.694629583135764733e+03
1.242750687671917653e+00 6.570160599745100626e+03 2.166600235631473424e+03
5.732008002000501534e-01 2.487789519846539406e+03 5.105285848574655461e+02
1.317644411102775415e+00 6.885292318551515564e+03 2.161741175812538131e+03
1.193448362090521186e-01 5.752666146271958496e+02 2.217556056487468652e+01
4.234133533383346304e-01 2.593207837967673186e+03 2.542057601495524182e+02
6.211327831957991208e-01 3.937955338766638761e+03 2.726984640306523033e+02
4.368942235558890275e-01 2.814386217143604881e+03 2.293913981711987731e+02
4.324006001500375618e-01 2.473965303715534446e+03 3.045631577060844393e+02
1.196316579144785841e+00 7.761577637962860535e+03 1.448533738520575525e+03
1.045031257814453163e+00 9.410229845469330030e+03 1.651170304190299476e+03
1.340112528132032743e+00 9.628729608581261346e+03 2.159997646415615691e+03
7.679244811202794452e-01 5.218794710121655044e+03 7.720159958468570949e+02
1.112435608902225148e+00 5.616095625468818071e+03 1.606398332996922363e+03
6.016604151037761028e-01 3.458615786930574814e+03 5.195560736972815903e+02
7.694223555888966004e-01 5.107680290903114837e+03 9.962082904435235378e+02
2.077194298574642772e-01 1.036198918222455859e+03 3.904179639849284911e+01
5.057964491122781681e-01 3.203364504795012181e+03 2.708089766878703699e+02
9.162140535133778130e-01 8.004425141567592618e+03 1.476806347523001932e+03
4.668517129282321321e-01 2.747268608041622883e+03 1.774746265978060649e+02
8.592948237059259142e-01 7.293452491088345596e+03 9.102661311300973921e+02
4.893198299574894605e-01 2.658956742355744609e+03 4.986827156827763474e+02
6.271242810702677417e-01 4.249242517276629769e+03 4.802802961248705742e+02
7.379669917479363406e-01 5.766645665928991548e+03 9.151299523329269050e+02
8.652863215803945351e-01 5.039094314973135624e+03 8.676915738247805621e+02
8.173543385846455678e-01 4.859632983843379407e+03 8.483589858921524183e+02
9.057289322330577264e-01 6.372726580840791030e+03 7.767734690799928785e+02
1.293678419604900931e+00 8.277724999737003600e+03 2.072048748262559911e+03
2.361790447611902266e-01 1.259706074866242943e+03 1.187064998955913069e+02
8.787671917979489322e-01 5.412556024873977549e+03 6.839499116555690534e+02
3.829707426856714392e-01 1.919968823747055467e+03 3.008946568255383909e+02
7.244861215303819435e-01 5.664548877852406804e+03 7.364661827173423490e+02
1.182835708927231444e+00 6.954644136521388646e+03 2.001810197766635838e+03
1.242750687671917653e+00 1.034056060032016831e+04 2.024291200840820238e+03
6.780520130032501314e-01 3.589582830679221843e+03 7.878192438378812312e+02
8.083670917729426364e-01 5.060224918501629872e+03 1.161194990853379522e+03
1.224776194048511790e+00 9.262200824160823686e+03 1.083024425593363958e+03
8.128607151787941021e-01 4.886234262716976446e+03 7.712943330370495687e+02
1.115431357839459459e+00 8.548054880571566173e+03 1.675032020751545815e+03
4.503750937734434245e-01 2.735952785786989352e+03 4.287016655947205663e+02
8.967416854213547950e-01 5.823953205391670963e+03 1.048181480250849745e+03
2.137109277319328982e-01 1.103665130270194823e+03 4.324139036748157849e+01
1.151380345086271184e+00 6.712048128451796401e+03 1.447263192509594091e+03
8.518054513628401381e-01 4.067119692311204744e+03 1.059034124577647162e+03
1.048027006751687473e+00 6.991801666300855686e+03 1.267875317574977544e+03
1.516861715428857060e+00 1.297441688053747566e+04 1.559550177837989395e+03
1.927406851712927249e-01 1.005176470901294010e+03 1.226932894497116422e+02
9.042310577644405711e-01 6.053439318336114411e+03 1.030552764541748502e+03
5.417454363590898936e-01 3.093886212766422432e+03 3.472850740370169547e+02
6.960265066266559941e-01 4.389927034601821106e+03 8.427898875083170651e+02
1.036044011002750231e+00 5.914246287974900042e+03 1.546125500577050843e+03
5.477369342335585145e-01 3.313473320554753172e+03 3.174041111876628634e+02
1.528844711177794302e+00 1.533440778610765301e+04 2.749278730279940191e+03
4.368942235558890275e-01 2.385962927865885376e+03 1.958599253858902784e+02
1.066001500375093336e+00 6.678626984131660720e+03 1.507702139891621528e+03
1.027056764191047300e+00 9.440674976809837972e+03 1.729318771207861573e+03
9.716354088522125565e-01 5.901401567170845738e+03 1.062997489427552637e+03
1.560300075018754562e+00 1.428169140881419844e+04 2.890892210941959547e+03
5.013028257064267024e-01 3.469278363347581035e+03 3.884400036202866886e+02
1.438972243060764988e+00 1.109945852703895798e+04 1.884035845944977154e+03
9.476694173543380728e-01 4.728637857125692790e+03 1.269166147239888687e+03
1.137899474868716787e+00 9.377898904309733553e+03 1.466912112995203188e+03
8.038734683670911707e-01 5.043698402336666732e+03 7.210642385415721947e+02
7.140010002500618569e-01 4.703498694331635306e+03 5.597250289805496095e+02
9.806226556639154879e-01 6.323086907604781118e+03 9.437002849213428135e+02
8.922480620155033293e-01 6.875250347501330907e+03 1.173208378455099819e+03
4.503750937734434245e-01 2.893181611682226503e+03 4.589551295154896025e+02
1.221780445111277480e+00 7.028047267087913497e+03 1.497100369367258054e+03
7.784096024005995318e-01 4.703169469551680777e+03 7.051697635781947611e+02
5.507326831707928250e-01 3.173829611913098233e+03 2.898400860727386998e+02
5.222730682670668756e-01 3.207531037680367263e+03 3.666674478453375059e+02
5.117879469867467890e-01 3.341511191673417670e+03 2.624200031255595604e+02
1.049524881220304628e+00 7.177210475061220677e+03 1.378342729462647867e+03
6.735583895973986657e-01 3.741883796879753845e+03 4.346212321152358982e+02
6.046561640410104133e-01 3.656663466502939627e+03 4.647742011450862378e+02
8.562990747686916038e-01 6.010847704908631385e+03 1.040558638425339723e+03
1.302665666416603862e+00 9.882163237178716372e+03 1.828822226424643304e+03
6.975243810952731494e-01 4.488117969828739660e+03 7.202262907450215152e+02
1.251737934483620585e+00 1.075092631137620447e+04 2.048442741058753654e+03
7.784096024005995318e-01 7.150669566385656253e+03 1.067408330055968236e+03
6.645711427856957343e-01 3.309575824615844340e+03 5.029764495086310490e+02
3.125706426606651434e-01 1.596080972191643241e+03 1.751480114652755731e+02
4.983070767691923919e-01 2.098002587081175989e+03 2.438624578670711003e+02
3.769792448112028183e-01 1.393839030397450642e+03 3.742356574457209035e+02
1.335618904726181277e+00 8.455803636675651433e+03 1.659971926197808443e+03
8.443160790197543619e-01 2.608600291436539010e+03 1.332982132912780799e+03
1.043533383345836008e+00 7.485938317768607703e+03 1.753210589891099062e+03
6.495923980995241820e-01 4.337618157776973021e+03 5.407573231029680301e+02
1.178342085521379978e+00 8.317383853907469529e+03 1.686157503975427289e+03
8.473118279569886724e-01 4.349324700095658955e+03 9.463909546670372492e+02
8.383245811452857410e-01 5.261940639131117678e+03 8.256345998009414870e+02
4.368942235558890275e-01 2.240448742589442190e+03 1.849516035150173536e+02
3.485196299074768689e-01 1.819659161721292094e+03 2.226742366846144421e+02
8.458139534883715172e-01 6.228435393851138542e+03 9.093536067953118618e+02
5.132858214553639442e-01 3.640829150930558171e+03 3.212236923188103219e+02
1.077984496124030578e+00 9.057179961210895272e+03 1.144523706519718417e+03
2.137109277319328982e-01 1.043236922291996734e+03 9.374153521745091666e+01
4.009452363090773019e-01 2.171351064663968828e+03 1.761641108174088401e+02
8.203500875218798782e-01 6.845292903747190394e+03 7.379577608627361087e+02
4.638559639909978216e-01 2.911667720808995455e+03 2.987918817516529657e+02
7.319754938734677197e-01 5.442653261544591260e+03 8.503587038522920238e+02
9.521630407601895385e-01 6.802574577906448212e+03 9.742519635181579361e+02
4.833283320830208396e-01 2.613169971400133818e+03 2.524481655117836851e+02
2.766216554138534178e-01 1.393069445608404976e+03 7.371724428607841162e+01
1.043660915228805663e-01 4.956033276555402267e+02 9.619065610538687139e+00
2.661365341335333312e-01 1.324207296624770379e+03 8.675361114502281623e+01
3.305451362840710061e-01 1.748865340833128812e+03 1.060332156740974057e+02
4.563665916479120455e-01 2.739919121508875378e+03 2.182286312786336566e+02
1.028554638659664455e+00 5.893443623964602011e+03 1.317770091447461709e+03
6.256264066016505865e-01 2.797684436783959882e+03 7.040665141089205008e+02
1.456946736684170851e+00 9.453234010943242538e+03 2.601594571469708626e+03
1.683125781445361291e+00 9.666574876855071125e+03 2.762630343974607968e+03
1.392538134533633176e+00 8.174504362056598438e+03 2.121475282866606904e+03
8.353288322080514305e-01 6.205170533182087638e+03 1.110623256424507872e+03
1.161865466366591271e+00 9.702084552373707993e+03 1.393971405588614289e+03
1.476419104776193869e+00 9.778162822914617209e+03 2.349742517687178406e+03
1.175346336584145668e+00 7.473729765062173101e+03 1.994851170200070328e+03
4.144261065266316990e-01 2.481065791865928986e+03 2.152891924504637018e+02
2.017279319829956563e-01 1.035141003895144877e+03 2.880089627766609439e+01
3.545111277819454898e-01 1.934214309061639824e+03 2.178973504633268874e+02
2.421705426356588475e-01 1.077773247790698179e+03 1.103648661923651844e+02
7.035158789697417703e-01 4.819276613311132678e+03 8.729886163407751383e+02
7.829032258064509975e-01 4.392469418745125040e+03 5.838610560701832810e+02
1.089967491872967820e+00 6.945353889721163796e+03 1.526595518822460008e+03
1.764011002750687673e+00 1.364939001705853843e+04 3.243634846949139956e+03
7.140010002500618569e-01 4.321240670949973719e+03 6.890195436867184071e+02
8.667841960490116904e-01 5.234178645572808819e+03 8.589354929910920191e+02
6.091497874468618789e-01 3.727116595468711694e+03 5.003955466101839420e+02
1.046529132283070318e+00 5.393506851799868855e+03 1.282199801239665703e+03
9.671417854463610908e-01 6.343829232425150622e+03 1.624011116285185608e+03
9.207076769192292787e-01 4.443244820064097439e+03 1.044990967246833179e+03
1.226274068517128946e+00 1.031864094659027432e+04 1.725513208276853902e+03
4.398899724931233379e-01 2.943261164302008183e+03 2.947881496142337596e+02
3.410302575643910927e-01 1.931156604856589411e+03 1.443652365417193835e+02
5.537284321080271354e-01 3.224501554301020860e+03 5.335526168227146400e+02
2.152088022005500534e-01 1.310688936364942037e+03 2.486888891348954758e+02
1.241252813203300498e+00 9.146133611251796538e+03 1.528027818999168176e+03
8.203500875218798782e-01 5.001647325295068185e+03 1.008220430161723925e+03
8.518054513628401381e-01 7.309458539694737738e+03 1.117858655459848023e+03
6.945286321580388389e-01 5.150830785259010554e+03 8.487464716148706430e+02
6.421030257564384058e-01 3.897111539089367398e+03 5.949768695768300404e+02
8.488097024256058276e-01 6.974443736600729608e+03 8.191981107523877199e+02
1.218784696174043169e+00 1.367902946198572863e+04 1.819161512313036155e+03
7.289797449362334092e-01 4.245877435829233946e+03 5.091004485545942657e+02
4.578644661165292007e-01 3.138110614956775407e+03 4.369700841760030130e+02
6.166391597899476551e-01 3.414356464072739072e+03 4.807295085855886896e+02
7.020180045011246150e-01 4.128975568591841693e+03 5.044728337224680672e+02
8.727756939234803113e-01 5.450962276467844276e+03 1.148279055050876423e+03
3.799749937484371287e-01 2.287828107851652021e+03 2.452367166732212524e+02
5.627156789197300668e-01 3.913438797395246183e+03 3.112372061135496892e+02
1.247244311077769119e+00 8.723830696165428890e+03 1.561125685694335516e+03
5.986646661665417923e-01 3.882013084408703435e+03 4.272565998149959228e+02
9.911077769442355745e-01 6.976918519288789867e+03 1.452332975468583982e+03
8.428182045511372067e-01 3.867028499772899522e+03 1.244321501305499623e+03
1.022563140785195834e+00 8.054461104186627381e+03 1.554924225450187123e+03
6.301200300075020522e-01 4.247078483152224180e+03 5.784968963234603052e+02
6.810477619404844418e-01 3.070268006549668826e+03 4.759952258353795855e+02
5.072943235808953233e-01 3.080760358942097810e+03 4.621142409929710198e+02
6.960265066266559941e-01 4.429583778915587573e+03 5.449222873042613173e+02
2.511577894473617789e-01 1.326356717698698731e+03 5.947616973779427241e+01
6.031582895723932580e-01 2.845858383801207765e+03 8.330028502601612672e+02
6.870392598149530627e-01 4.482219124880407435e+03 4.714462867133800046e+02
5.941710427606903266e-01 4.048822576300341098e+03 5.570965049401659144e+02
3.125706426606651434e-01 1.577828210428373950e+03 1.762031390739489325e+02
6.450987746936727163e-01 2.879348204475471448e+03 4.353930702289537749e+02
8.218479619904970335e-01 5.070833840924407014e+03 9.083973411844779093e+02
6.900350087521873732e-01 4.345031806645657525e+03 8.290847450632518303e+02
1.699602400600149998e+00 1.258456948998709413e+04 3.219919028849988536e+03
1.155873968492122650e+00 6.516506351688427458e+03 1.530357084764830461e+03
6.675668917229300448e-01 4.164801715072195293e+03 5.306939510975345229e+02
1.169354838709677047e+00 8.197873545050246321e+03 1.773808717989926890e+03
1.316146536634158259e+00 6.427365629872617319e+03 2.310947548196217213e+03
5.642135533883472220e-01 2.954000673374127928e+03 4.140960004031056769e+02
8.503075768942229828e-01 6.548072188906871816e+03 9.544819831518198043e+02
4.728432108027007530e-01 3.128815033773747018e+03 3.298315658754013384e+02
4.953113278319580814e-01 2.452894843271685204e+03 3.981050115215884375e+02
9.641460365091267803e-01 4.677362250189523365e+03 1.484357908274936108e+03
6.001625406351589476e-01 3.645945548426289406e+03 4.192902335864841348e+02
6.915328832208045284e-01 4.047444199822491555e+03 6.140523292993955238e+02
8.458139534883715172e-01 4.567659102620692465e+03 8.791027444564361986e+02
6.780520130032501314e-01 4.771863053757957459e+03 4.274882849313302700e+02
1.244248562140534808e+00 9.938290026500944805e+03 1.456620330420531445e+03
4.503750937734434245e-01 2.790885401843454019e+03 2.704141881420911773e+02
4.683495873968492873e-01 2.153218910815365234e+03 3.822966386911510313e+02
1.019567391847961524e+00 9.216186847796461734e+03 1.330054097299267141e+03
1.007584396099024282e+00 5.790511384817686121e+03 9.047074632429454368e+02
1.397031757939484642e+00 8.441626440138807084e+03 2.411297750619859016e+03
7.933883470867710841e-01 4.977464161828800570e+03 6.972303671539516472e+02
3.050812703175793672e-01 1.690679040997581978e+03 9.286908700497872360e+01
4.174218554638660095e-01 2.483453021754512065e+03 4.405465779265551873e+02
7.664266066516622899e-01 5.707947912923656077e+03 5.729728627113648827e+02
6.885371342835702180e-01 5.167335587056237273e+03 7.191792297800888036e+02
1.379057264316078779e+00 6.859551740849175985e+03 1.765162291286823574e+03
1.133405851462865321e+00 9.082040732843983278e+03 1.348624398994225658e+03
8.188522130532627230e-01 6.230496054939318128e+03 1.032975428322668449e+03
2.556514128532132446e-01 1.317041232245856008e+03 6.422034477066519287e+01
8.278394598649656544e-01 4.664423680376277844e+03 7.978517248818765211e+02
1.507874468617154129e+00 1.381243402297424473e+04 1.898491628497753027e+03
7.020180045011246150e-01 3.668133310432977851e+03 4.525952829366570427e+02
7.933883470867710841e-01 5.592572819094585611e+03 5.680151001877982253e+02
1.295176294073518086e+00 1.219168821984259739e+04 1.810505293939645981e+03
9.581545386346581594e-01 7.814497204548053560e+03 1.439494895544516339e+03
8.398224556139028962e-01 5.555449265837217354e+03 8.488983036673560036e+02
5.222730682670668756e-01 2.873771070304087516e+03 3.936569238379694298e+02
6.406051512878212506e-01 4.305868323098984547e+03 9.049350056643535254e+02
1.082478119529882044e+00 8.681931647593761227e+03 1.374101276766092951e+03
9.701375343835954013e-01 8.291751474253926062e+03 1.334721876750274760e+03
1.823925981495373883e+00 1.249767974912550198e+04 2.827968571144642738e+03
1.193320830207551531e+00 8.203925948878833879e+03 1.576957205662553406e+03
1.039039759939984542e+00 4.832695666729058757e+03 1.491719826551961887e+03
6.106476619154790342e-01 2.968101257000871101e+03 7.619759269245652149e+02
8.562990747686916038e-01 6.181984874958812725e+03 6.683238347167375650e+02
7.199924981245304778e-01 5.832573479503007547e+03 7.024057464573065772e+02
2.436684171042760028e-01 1.205817889304828213e+03 6.063019057824849511e+01
3.754813703425856630e-01 1.970435424698890301e+03 3.584333432577813028e+02
5.717029257314329982e-01 2.935802293136664503e+03 4.306094706205336706e+02
1.543823455863965854e+00 1.483181058227216090e+04 2.565394713348245659e+03
7.409627406851706510e-01 4.279780028973490516e+03 5.378725964570894575e+02
3.664941235308827316e-01 2.321293472122391904e+03 3.698665709115272762e+02
3.320430107526881613e-01 1.457683277943256599e+03 1.446135287156227207e+02
7.858989747436853079e-01 5.020113214248231088e+03 1.057512145268088034e+03
3.934558639659915258e-01 2.256307002255799944e+03 2.346098024018457409e+02
1.651670417604401031e+00 8.249887134305243308e+03 3.121251460462572140e+03
8.248437109277313439e-01 5.002727302169917493e+03 7.453098335757119912e+02
2.661365341335333312e-01 9.509741555790234315e+02 1.715672101527089239e+02
7.169967491872961673e-01 4.994220118832998196e+03 5.545402837604381148e+02
1.185831457864465754e+00 7.327797995824584177e+03 1.239490939854887301e+03
1.148384596149036874e+00 1.082513711645384865e+04 1.643034938454827625e+03
9.296949237309322100e-01 6.058223950889583648e+03 7.808626775569860001e+02
9.446736684171037624e-01 6.803371760124034154e+03 8.927215192092339748e+02
1.680130032508126980e+00 1.295255426116113995e+04 2.684751961560995369e+03
1.140895223805951098e+00 9.069856922676821341e+03 1.228081093828447820e+03
9.266991747936978996e-01 6.178140260011635291e+03 9.336008572930678611e+02
1.130410102525631011e+00 9.309213984878813790e+03 1.911069597197722032e+03
1.040537634408601697e+00 7.748005856077660610e+03 1.615232561780184597e+03
7.140010002500618569e-01 3.862564170525152804e+03 7.366007702646685402e+02
4.923155788947237710e-01 2.822739266451044386e+03 2.226272109794345795e+02
1.095958989747436441e+00 6.150468062919541808e+03 1.452344029583634210e+03
6.301200300075020522e-01 3.499523105593436867e+03 3.666149113282477856e+02
4.039409852463116124e-01 2.331952274457160001e+03 1.739106965351941767e+02
1.746036509127281811e+00 1.332009177352809274e+04 3.150477280084119229e+03
8.098649662415597916e-01 5.462554967614539237e+03 5.987301232202238452e+02
4.458814703675919588e-01 2.265476799205017869e+03 4.929618243164938463e+02
5.102900725181296337e-01 3.368762464067411202e+03 2.838407787864409784e+02
2.885918979744936053e+00 2.674706410548604617e+04 5.854926204816151767e+03
6.975243810952731494e-01 4.118819183634812362e+03 5.313928089770562337e+02
1.597746936734183443e+00 9.750279829970260835e+03 2.929576911304656278e+03
5.028007001750438576e-01 3.318292383594187413e+03 6.371201580380068208e+02
1.022563140785195834e+00 6.903867577922960663e+03 1.237121201776397356e+03
6.076519129782447237e-01 3.855940505324452715e+03 4.664181388284394529e+02
5.761965491372844639e-01 3.518946782730234645e+03 4.197242954859269162e+02
7.080095023755932360e-01 4.310321223779854336e+03 4.798584827413587846e+02
4.234133533383346304e-01 2.504573355623357656e+03 2.036049991601114186e+02
5.627156789197300668e-01 3.270199099905943967e+03 4.310183224081454227e+02
7.514478619654907376e-01 4.840976255455136197e+03 7.684592035204124159e+02
4.563665916479120455e-01 2.667158417279817513e+03 3.816616103657434564e+02
9.207076769192292787e-01 5.464104762061925612e+03 7.759744558503282406e+02
1.054018504626156094e+00 5.956729413120786376e+03 1.101625152877692472e+03
6.975243810952731494e-01 4.671139793307253967e+03 5.573654533322850284e+02
1.116929232308076614e+00 6.221622713947805096e+03 1.507065864815159557e+03
8.712778194548631561e-01 5.284986085703749268e+03 8.132393515355876161e+02
9.162140535133778130e-01 6.098719308530230592e+03 1.130509443280770711e+03
5.177794448612154099e-01 2.834175312263984324e+03 3.029841845697446274e+02
1.489899974993748266e+00 9.916742683141384987e+03 2.255929740612724345e+03
5.042985746436610128e-01 2.546328955603245959e+03 5.808663871906438771e+02
9.821205301325326431e-01 5.919713179587114610e+03 1.384800290793770728e+03
1.003090772693172816e+00 4.266088804607780730e+03 1.020693645721235271e+03
2.945961490372592806e-01 1.514140622292389935e+03 9.480662710582689101e+01
1.221780445111277480e+00 1.084992361964839074e+04 1.595889586480366233e+03
5.926731682920731714e-01 3.365103022802101805e+03 6.594868723122824576e+02
3.679919979994998869e-01 2.052332996585512774e+03 8.888480087281917008e+01
8.712778194548631561e-01 5.052334831366124490e+03 1.073749869205216555e+03
3.380345086271567823e-01 2.145345232351551203e+03 1.848072833916078253e+02
2.198299574893702868e-02 9.912866451318687666e+01 5.219573346868265906e-01
5.851837959489873953e-01 3.210711614752581681e+03 3.899920586546801928e+02
4.249112278069517856e-01 2.116867973503539815e+03 1.818974693446525066e+02
4.623580895223806664e-01 2.373379135438156936e+03 6.579089888451136403e+02
6.990222555638903046e-01 3.479619403987011083e+03 6.137794694264219970e+02
3.754813703425856630e-01 2.171899115343713220e+03 1.386054329074509610e+02
1.217286821705426014e+00 7.389967028611446949e+03 1.948349808755852564e+03
4.443835958989748036e-01 2.614693174820261447e+03 2.272807603266634260e+02
9.356864216054008310e-01 4.894263824356927216e+03 1.005037251192435065e+03
1.486904226056513956e+00 9.624531649038966862e+03 2.645902112274006413e+03
4.983070767691923919e-01 2.819512233123637998e+03 3.090216628626091051e+02
1.197814453613402996e+00 1.327104305181497693e+04 2.008487615746242227e+03
1.125916479119779545e+00 6.889488771223163894e+03 1.474716107216544287e+03
3.470217554388597136e-01 1.926594693494219655e+03 1.111073095128275270e+02
1.542325581395348699e+00 1.285517027572554252e+04 2.526093453765526647e+03
5.732008002000501534e-01 2.963671339359759713e+03 7.200821691055815563e+02
1.747661915478868622e-01 9.173787141429746725e+02 5.982611248826032124e+01
1.961730432608152164e+00 1.590795653877058066e+04 3.824878249447493090e+03
6.915328832208045284e-01 3.386958212510754493e+03 8.108383879572476189e+02
7.634308577144279795e-01 5.239892071682089409e+03 5.591937689594388985e+02
8.967416854213547950e-01 6.473422015332952469e+03 1.254872064348256799e+03
7.005201300325074598e-01 4.051464526729760564e+03 9.736020416463388756e+02
6.570817704426099581e-01 2.958192272750541179e+03 8.935749524489087889e+02
4.428857214303576484e-01 2.508253621662061960e+03 2.092385647708682370e+02
6.510902725681413372e-01 3.973055662007553110e+03 7.174131901961904987e+02
1.172350587646911357e+00 7.479838087158505004e+03 1.542074178542753543e+03
1.340112528132032743e+00 5.492263589817602224e+03 2.180255095334952330e+03
9.072268067016748816e-01 6.373757680723397243e+03 1.061896139075898873e+03
9.476694173543380728e-01 5.693999021740837634e+03 9.626555104184744778e+02
1.054018504626156094e+00 8.277024470255119013e+03 1.407914438834452994e+03
7.499499874968735824e-01 5.411001416064672412e+03 6.816957980954144887e+02
6.391072768192040954e-01 3.807619570573148394e+03 4.465983969730681906e+02
1.537831957989497234e+00 7.979814813281507668e+03 2.674572391881580643e+03
7.888947236809196184e-01 2.751554478429064602e+03 1.263058627014693229e+03
8.622905726431602247e-01 6.006348157422185977e+03 8.920438275071724092e+02
2.736259064766191074e-01 1.332266837762693740e+03 1.333694137089553635e+02
5.896774193548388610e-01 3.805448113224619192e+03 3.339577560098757658e+02
6.615753938484614238e-01 3.410459561485268296e+03 4.499924065802861719e+02
1.125916479119779545e+00 6.733470414704214818e+03 1.462758459871195100e+03
8.577969492373087590e-01 6.544046614577839136e+03 8.166438935816214553e+02
1.019567391847961524e+00 8.783942398465422229e+03 1.504891608509183925e+03
6.092773193298306467e-02 2.779104246822112714e+02 3.508991385172021804e+00
1.030052513128281610e+00 7.317380710530088436e+03 9.126164427699710586e+02
8.922480620155033293e-01 6.374527322585505317e+03 8.224703578130105370e+02
7.184946236559133226e-01 4.458441792803445423e+03 6.063232799682388077e+02
6.061540385096275685e-01 4.351301672522456101e+03 4.634196504167423996e+02
4.743410852713179082e-01 2.041745141246575486e+03 3.624369251602989266e+02
6.181370342585648103e-01 4.206890203778995783e+03 4.695668943931129320e+02
1.566291572893223183e+00 1.241088999528680506e+04 2.897155761935866394e+03
3.769792448112028183e-01 2.172127903513905039e+03 3.346512207545875413e+02
9.731332833208297117e-01 5.397431227766974189e+03 1.126376621753688141e+03
7.229882470617647883e-01 5.407517408609483027e+03 5.760330081824457693e+02
6.630732683170785791e-01 4.295112591075472665e+03 5.161071605790274361e+02
6.361115278819697849e-01 3.548409682617482304e+03 5.588393930834713501e+02
8.428182045511372067e-01 4.813119652570670951e+03 9.541168982237105638e+02
9.027331832958234159e-01 5.425224254388541340e+03 9.068282312510409611e+02
1.220282570642660325e+00 5.000153404817467163e+03 1.901254714385444913e+03
5.791922980745187743e-01 3.493938830752817466e+03 2.727799834749970955e+02
1.778989747436859226e+00 1.627646024407398363e+04 2.654867171520696502e+03
7.529457364341078929e-01 3.988249369717420450e+03 6.779106464109937633e+02
7.739159789947480661e-01 4.826689488820074075e+03 6.070714888021617526e+02
5.087921980495124785e-01 2.862223061849955684e+03 3.963261271600785562e+02
7.259839959989990987e-01 4.745035427476705081e+03 4.308068407252428074e+02
4.698474618654664425e-01 2.318695470849149388e+03 5.759204816892490726e+02
5.851837959489873953e-01 2.966281366759729281e+03 5.696366865554775814e+02
1.370070017504375848e+00 9.149694361912621389e+03 2.014090033350856629e+03
6.256264066016505865e-01 3.961930489009627308e+03 5.757205723971204634e+02
5.087921980495124785e-01 2.542176851681089374e+03 4.517590799708856366e+02
3.530132533133283346e-01 1.572721493884766915e+03 3.296436516375057408e+02
3.005876469117279015e-01 1.548361377978496648e+03 1.285601905106238121e+02
5.102900725181296337e-01 2.846223621063532391e+03 3.705174244780369577e+02
1.211295323830957393e+00 1.187476694262942510e+04 2.004528319058015541e+03
3.799749937484371287e-01 2.347083799413322140e+03 2.398605532089971462e+02
7.694223555888966004e-01 3.664213079275535165e+03 9.726356643890229634e+02
9.326906726681665205e-01 6.823723230149040319e+03 1.351302880857778291e+03
1.176844211052762823e+00 8.552604971464012124e+03 1.565542975867989526e+03
9.132183045761435025e-01 6.938320976092234559e+03 8.849130491852790783e+02
1.015073768442110058e+00 7.612086042291129161e+03 1.101654059357383630e+03
4.338984746186547170e-01 2.584628937930577194e+03 3.250917036902736754e+02
1.024061015253812990e+00 7.430204049284022403e+03 1.713566617310219272e+03
5.387496874218555831e-01 3.034077874130613509e+03 3.255458534748822785e+02
8.353288322080514305e-01 5.538587632259924249e+03 9.498158527588565221e+02
9.386821705426351414e-01 5.708277141622901581e+03 1.197472832741621005e+03
6.031582895723932580e-01 3.678721599058470019e+03 6.040409244421858830e+02
1.558802200550137407e+00 9.431062163882086679e+03 2.842314915064581328e+03
9.042310577644405711e-01 6.659607498012556789e+03 7.823809056598811367e+02
1.226274068517128946e+00 9.558795500735128371e+03 1.566064335495980231e+03
3.799749937484371287e-01 2.699731055570166973e+03 4.673371320806143672e+02
8.128607151787941021e-01 3.735562476601101935e+03 7.310582446929799971e+02
1.037541885471367387e+00 9.076876245648711119e+03 1.653111828629982710e+03
6.046561640410104133e-01 4.136937889360675399e+03 7.302196850921286568e+02
4.488772193048262693e-01 2.423613693933027207e+03 2.946942483180076238e+02
5.477369342335585145e-01 3.108561795647569852e+03 3.931451402228258303e+02
8.697799449862460008e-01 5.440590457846094978e+03 8.703722264311228400e+02
7.154988747186790121e-01 4.618693867318730554e+03 5.600834358244786699e+02
8.652863215803945351e-01 5.392595104962363621e+03 1.203358055945045635e+03
1.567916979244809994e-01 7.124597432356501940e+02 5.134505020791603158e+01
1.593253313328331977e+00 1.378852877404965329e+04 2.339434514275813399e+03
7.304776194048505644e-01 5.203276928485098324e+03 6.131888342509150789e+02
4.249112278069517856e-01 3.010992553035976471e+03 3.817504321011817296e+02
5.776944236059016191e-01 3.034557709379485004e+03 4.240382820501006336e+02
1.286189047261815155e+00 7.065519530377501724e+03 2.238210553858110416e+03
2.107151787946985877e-01 1.056986310180406917e+03 9.327488335036942146e+01
9.821205301325326431e-01 7.378947435498615960e+03 1.560884581205422364e+03
1.066001500375093336e+00 8.969293724239487346e+03 1.492339293178564731e+03
4.758389597399350635e-01 2.863145031720483985e+03 3.170992367748292509e+02
5.761965491372844639e-01 2.871734330417095407e+03 7.244692869421896830e+02
9.177119279819949682e-01 7.329562764232427071e+03 1.356660218774167106e+03
9.911077769442355745e-01 7.594739090699086773e+03 1.559597340049623426e+03
8.338309577394342753e-01 7.058865149116196335e+03 1.053123426347350460e+03
8.907501875468861741e-01 6.055308752119691235e+03 8.091950749079466050e+02
7.439584896224049615e-01 4.568423942351016194e+03 5.208186882273448646e+02
3.110727681920479881e-01 1.944671346582839305e+03 2.006270691102513410e+02
6.735583895973986657e-01 5.484123276039443226e+03 7.157588590330672105e+02
1.027056764191047300e+00 6.906236441711492262e+03 1.067250843927804453e+03
1.055516379094773249e+00 6.807732652116043937e+03 1.506415130619863248e+03
8.997374343585891054e-01 5.459977375442325865e+03 1.046181177437216320e+03
1.022563140785195834e+00 7.112320715120142268e+03 7.620872173823398725e+02
8.922480620155033293e-01 5.818295805472890606e+03 9.409234322669304902e+02
8.938734683670901404e-02 4.319568817153917166e+02 1.054446198476524899e+01
1.239754938734683343e+00 6.549893581813992569e+03 1.666041282631766990e+03
4.788347086771693739e-01 2.686290488121851922e+03 2.691225111061809230e+02
4.279069767441860961e-01 2.151615788607736704e+03 2.621193000095026377e+02
6.690647661915472000e-01 3.801144839232494178e+03 5.895307019513628575e+02
4.024431107776944572e-01 2.257949679944124910e+03 1.586437041565119159e+02
3.575068767191798003e-01 2.112756504853085971e+03 2.726395031848023791e+02
1.230767691922980411e+00 1.015175890356016498e+04 1.780853727979147152e+03
1.509372343085771284e+00 1.117591099054712322e+04 2.744088058560192167e+03
1.624708677169292237e+00 1.126175581283360225e+04 3.057798488572260794e+03
5.821880470117530848e-01 3.008256068735133340e+03 6.569619462977653939e+02
2.496599149787446237e-01 1.240268228226061410e+03 5.838447111607923290e+01
8.338309577394342753e-01 6.624880940183007624e+03 1.246420644020040072e+03
5.177794448612154099e-01 3.147650154628302062e+03 6.535071231205921549e+02
7.289797449362334092e-01 4.310567519911488489e+03 8.177431792497022798e+02
6.450987746936727163e-01 3.970089082802092889e+03 5.732938946995956258e+02
4.294048512128032513e-01 2.459486694487109162e+03 2.114422447045624551e+02
4.488772193048262693e-01 3.624565269978415472e+03 6.028976617183425333e+02
7.080095023755932360e-01 5.093555335248433948e+03 1.002264413117475215e+03
5.028007001750438576e-01 3.165972237541217510e+03 2.216373150705908301e+02
5.282645661415354965e-01 1.847100794819638850e+03 5.863441092753001840e+02
1.139397349337333942e+00 1.010706209502742604e+04 1.823123500974960962e+03
1.759517379344836208e+00 1.279835598281217244e+04 2.423942359300917360e+03
3.964516129032258362e-01 2.376867682349426104e+03 1.809835476143321955e+02
1.549814953738434475e+00 1.169751539299510841e+04 2.687781634337630749e+03
3.919579894973743706e-01 2.241137010347953037e+03 2.408930549398132257e+02
6.630732683170785791e-01 3.272680578304082246e+03 5.644498419958925979e+02
8.413203300825200515e-01 4.673845630601186713e+03 5.996963246537003442e+02
5.252688172043011861e-01 3.761254990344676116e+03 3.780470846216474570e+02
8.308352088021999649e-01 5.627656857114156992e+03 7.969992888350283238e+02
1.140895223805951098e+00 8.818316601945944058e+03 1.565743999410270817e+03
5.941710427606903266e-01 3.831895266218423330e+03 3.137809960970579937e+02
1.310155038759689639e+00 1.073912794089492490e+04 1.805478538092972713e+03
8.233458364591141887e-01 5.613612613669064558e+03 6.547506445318730357e+02
5.147836959239810994e-01 3.648022616373729761e+03 3.667046426521642957e+02
6.750562640660158209e-01 3.525440095175981696e+03 8.584506314108598417e+02
8.023755938984740155e-01 5.538353563718896112e+03 5.993450961116709550e+02
1.448087021755437576e-01 7.103305466901583713e+02 1.833903384925489632e+01
1.176844211052762823e+00 5.044188708628684253e+03 1.707867960112322407e+03
4.788347086771693739e-01 2.565660025537521506e+03 3.012956825349726273e+02
5.657114278569643773e-01 2.183341783521062553e+03 7.627080459421521255e+02
9.716354088522125565e-01 6.764631751796438948e+03 9.983730521175968988e+02
8.203500875218798782e-01 5.706422079915917493e+03 7.627785527251360236e+02
4.953113278319580814e-01 2.550535447680490506e+03 3.913318698845722565e+02
8.203500875218798782e-01 5.032863525655074227e+03 1.305665908268482781e+03
6.855413853463359075e-01 3.483584841573865106e+03 1.003053657139455481e+03
1.244248562140534808e+00 8.139955885918855529e+03 1.692127402264986586e+03
8.368267066766685858e-01 4.726320164301533623e+03 8.026769692669283813e+02
5.057964491122781681e-01 2.483842494823619745e+03 3.292552415042227949e+02
5.057964491122781681e-01 3.162072521851547208e+03 4.198322455410062730e+02
1.458444611152788006e+00 1.181842124443892135e+04 2.375727546298493962e+03
3.005876469117279015e-01 1.672166254211799924e+03 1.095925716887555126e+02
6.975243810952731494e-01 4.298886474786518193e+03 7.339893678874542502e+02
1.000095023755938506e+00 5.218603513845038833e+03 1.396014822932841753e+03
5.672093023255815325e-01 3.967382311980782561e+03 8.004221610547093633e+02
1.055516379094773249e+00 7.961928795673790773e+03 1.590526046798889183e+03
5.821880470117530848e-01 2.502480815158882251e+03 4.485549675876997071e+02
9.401800450112522967e-01 6.210933765474180291e+03 1.401525060509432706e+03
4.773368342085522187e-01 2.823428984051958196e+03 3.225824384901864050e+02
8.323330832708171201e-01 6.115691334493691102e+03 9.472904928677418184e+02
6.915328832208045284e-01 5.932203019420378041e+03 9.107058523058176434e+02
1.061507876969241870e+00 4.733961099086363902e+03 1.647209893711283257e+03
1.507874468617154129e+00 5.281822128670556594e+03 2.787984677230526813e+03
9.207076769192292787e-01 4.920794793380690862e+03 9.633906542048740675e+02
7.589372343085765138e-01 6.470188425103699046e+03 8.943499068102424872e+02
1.456946736684170851e+00 1.137629126211009861e+04 2.036865118025383026e+03
1.886836709177294402e+00 1.237192538634001357e+04 3.343844097925360074e+03
3.095748937234308329e-01 1.733817560364806695e+03 1.017372272074815385e+02
7.634308577144279795e-01 7.120461665686624656e+03 8.801164183921716813e+02
3.065791447861965224e-01 1.449016351325672531e+03 1.577405284479442855e+02
8.562990747686916038e-01 4.343271363141447182e+03 6.701354564158892799e+02
1.462938234558639472e+00 1.161041919847663667e+04 2.377575561965430097e+03
1.882470617654412592e-01 1.010110956897260849e+03 7.916926994447401000e+01
8.488097024256058276e-01 6.772912875007913499e+03 7.866168060269844773e+02
1.293678419604900931e+00 8.028368566716494570e+03 1.642663416094504555e+03
7.784096024005995318e-01 4.215415390472940089e+03 1.125331184416948417e+03
1.073618404601148768e-01 4.910928776220590066e+02 1.109477555914731539e+01
1.054018504626156094e+00 8.177511836406548355e+03 1.440632384928096599e+03
3.380345086271567823e-01 1.784467965585258526e+03 1.261186329364963825e+02
1.074988747186796267e+00 6.298645187969979816e+03 1.622690917470772320e+03
8.742735683920974665e-01 6.237135846201448658e+03 6.916593951268134788e+02
6.376094023505869401e-01 3.585276768581656597e+03 3.524549520349825684e+02
2.096539134783695690e+00 2.250287925062781142e+04 4.156892825283180173e+03
4.189197299324831647e-01 2.343958550811000350e+03 2.859296269126157881e+02
1.385048762190547400e+00 9.406558463616927838e+03 2.459589548059218941e+03
4.668517129282321321e-01 2.511400040792550499e+03 3.263661204429300255e+02
6.900350087521873732e-01 3.532851016749494192e+03 6.255365096926771002e+02
9.371842960740179862e-01 8.659507940899820824e+03 1.149257048527100096e+03
1.101950487621905062e+00 9.261190257366090009e+03 1.337221662497399166e+03
1.269712428107026447e+00 6.159661179768530928e+03 2.093574214066314653e+03
1.106444111027756527e+00 6.683121252132612426e+03 1.620848054053515625e+03
1.052520630157538939e+00 6.134715905652486981e+03 1.380947503322156990e+03
5.042985746436610128e-01 3.193629563995280478e+03 2.951385953032158795e+02
8.383245811452857410e-01 5.954935190047995093e+03 8.162013470891473617e+02
1.558802200550137407e+00 6.028810260918668064e+03 2.564528703984593449e+03
4.908177044261066158e-01 2.746617634048087893e+03 3.045169409362313218e+02
1.298172043010752397e+00 7.420356184542199117e+03 2.163910042525103108e+03
1.060010002500624715e+00 8.522730678884847293e+03 1.664896861513343765e+03
8.218479619904970335e-01 5.756399027953470977e+03 7.656839562665007861e+02
1.034546136534133076e+00 8.254913706469134922e+03 1.019739418949334777e+03
3.125706426606651434e-01 1.586008762773088620e+03 1.067099338618784827e+02
4.279069767441860961e-01 3.660555531127046834e+03 5.477365013957249857e+02
7.873968492123024632e-01 5.042862231470310689e+03 5.460324309708485089e+02
3.575068767191798003e-01 2.075158208410080078e+03 2.752395664573137992e+02
8.143585896474112573e-01 4.665436366177314994e+03 5.597285191163534819e+02
1.698104526131532843e+00 1.570452335546829272e+04 2.800989444438274404e+03
3.874643660915229049e-01 2.133678085067581833e+03 1.279352572008816935e+02
1.227771942985746101e+00 1.127900145923183663e+04 1.749753257735090074e+03
8.023755938984740155e-01 4.390862851826676888e+03 7.614023816970529879e+02
5.717029257314329982e-01 3.412871920112503176e+03 8.259629183395541077e+02
8.248437109277313439e-01 5.940699200703161296e+03 9.038488460525827577e+02
6.226306576644162760e-01 3.396381162214077904e+03 8.001647391480729539e+02
8.607926981745430695e-01 6.882372307989991896e+03 1.006875149917873841e+03
8.473118279569886724e-01 5.879701983141887467e+03 1.171388653713350323e+03
2.391747936984245371e-01 1.276775233783980639e+03 6.511349069425762082e+01
6.136434108527133446e-01 3.597020898945192130e+03 5.202198570223107481e+02
6.900350087521873732e-01 4.476872046472887632e+03 9.766407810868715842e+02
1.458444611152788006e+00 5.987802619183978095e+03 1.946233604054988064e+03
1.732683170792697069e-01 8.930237761959948557e+02 2.343132338885624222e+01
9.881120280070012640e-01 6.803713376159680593e+03 9.942692535844136046e+02
3.215578894723680747e-01 1.846134793029537832e+03 1.359697886108479850e+02
8.083670917729426364e-01 4.891621253205131325e+03 8.111845442759065463e+02
6.690647661915472000e-01 4.895408084556145695e+03 7.701236879254174710e+02
6.361115278819697849e-01 3.201073310388175287e+03 9.177988854300451749e+02
4.428857214303576484e-01 2.411226784473145017e+03 3.453185853008829440e+02
5.417454363590898936e-01 3.626845009912864043e+03 4.150639188627462772e+02
4.548687171792948902e-01 2.626718114457401498e+03 3.352716388602225379e+02
8.038734683670911707e-01 5.419643994442180883e+03 1.104179217894336944e+03
6.645711427856957343e-01 4.531949244696704227e+03 4.266465819006994025e+02
4.024431107776944572e-01 1.977259036125873308e+03 3.124904510583011756e+02
3.170642660665166090e-01 1.654821678606466776e+03 3.548618083229724789e+02
1.344606151537884209e+00 9.229386368541025149e+03 2.375606322966222251e+03
8.473118279569886724e-01 5.740769535204919521e+03 1.195218354642657005e+03
1.043533383345836008e+00 8.618321012780723322e+03 1.643574871990124848e+03
6.436009002250555611e-01 3.639936990160724690e+03 4.324449160052160437e+02
4.863240810202551501e-01 2.493942178167505517e+03 3.776374899588109315e+02
1.450955238809702230e+00 1.608004163050941679e+04 2.384546108506724067e+03
2.856089022255563492e-01 1.491862910740779171e+03 1.015308311185006858e+02
1.407516879219804729e+00 1.093640078386260575e+04 2.049103530578644495e+03
3.395323830957739375e-01 1.931088553702725903e+03 1.752716740660199832e+02
7.050137534383589255e-01 3.410364247670388977e+03 7.915296284882989539e+02
1.083975993998499199e+00 5.649232945498527442e+03 1.140644262530222022e+03
3.979494873718429915e-01 2.064731380936151709e+03 3.675105192201379509e+02
2.975918979744935911e-01 1.677853678552967040e+03 1.148023655235069640e+02
4.458814703675919588e-01 2.624780928956316075e+03 5.327415563721136778e+02
4.908177044261066158e-01 2.567913937654637721e+03 3.951221627232733340e+02
6.825456364091015971e-01 5.174120311879702967e+03 6.556672549591415873e+02
2.916004001000249701e-01 1.472704550792233022e+03 7.123843619793042592e+01
1.235261315328831877e+00 1.053220846629805055e+04 2.126926903153988405e+03
5.971667916979246371e-01 3.768711537206360845e+03 3.329487677656983351e+02
9.866141535383841088e-01 7.518850675288890670e+03 7.332705256161118541e+02
7.918904726181539289e-01 4.827768105120146174e+03 7.413981239887622223e+02
3.125706426606651434e-01 1.868791692796214875e+03 2.717652857355350307e+02
1.182835708927231444e+00 6.766189631049427589e+03 1.717483119511292671e+03
9.386821705426351414e-01 7.056820022939286901e+03 9.858623496464128948e+02
4.788347086771693739e-01 2.114911690067364816e+03 5.782544526957001381e+02
1.130410102525631011e+00 7.909853678765740369e+03 1.902587408111719924e+03
5.717029257314329982e-01 3.918211938762161026e+03 3.473704872142149043e+02
7.379669917479363406e-01 4.059590624146294886e+03 1.115209217405844129e+03
3.679919979994998869e-01 1.959025128852149237e+03 2.202216494918282592e+02
8.503075768942229828e-01 4.174883554976570849e+03 1.380251195501581151e+03
1.260725181295323516e+00 7.962655564017914912e+03 1.408546528738997495e+03
8.413203300825200515e-01 6.651542755445466355e+03 8.520666734084519476e+02
1.987321830457613459e-01 1.053592962303684772e+03 3.298295440859530459e+01
9.087246811702920368e-01 5.684665864336880077e+03 9.204022708860155717e+02
7.005201300325074598e-01 3.855051678360005099e+03 8.364765861209338027e+02
1.389542385596398866e+00 8.147656299495271014e+03 2.498733820680131430e+03
1.509372343085771284e+00 1.258605223880277481e+04 2.300825451473936027e+03
5.717029257314329982e-01 3.646268718748259744e+03 3.247398528337458288e+02
6.406051512878212506e-01 3.020379502988723743e+03 9.115609641394507889e+02
2.137109277319328982e-01 1.049320013771955701e+03 3.928596740578209534e+01
9.341885471367836757e-01 5.075334911412156544e+03 1.421081448171160218e+03
4.818304576144036844e-01 2.736116452653288434e+03 3.100854200242098955e+02
1.146886721680419718e+00 8.542525373651360496e+03 1.882789057146826508e+03
1.094461115278819285e+00 7.027241726362024565e+03 1.653361165520220766e+03
7.799074768692166870e-01 5.131131874316362882e+03 7.533766774373268618e+02
1.016571642910727213e+00 6.362227105408786883e+03 1.649672347508251050e+03
4.219154788697174752e-01 2.473416910568861567e+03 4.376766335622676820e+02
1.513865966491622750e+00 1.604073664590770750e+04 2.720707747701969311e+03
3.620005001250312660e-01 2.127689666589740227e+03 2.199519600020860537e+02
1.092963240810202130e+00 7.140812936447883658e+03 1.300502371019675138e+03
1.289184796199049465e+00 3.725795784406588155e+03 1.850494633567438541e+03
6.196349087271819656e-01 4.258183404736940247e+03 5.272194674333012472e+02
1.948249562390597767e+00 1.728653594027656800e+04 3.847473259442896506e+03
1.088469617404350664e+00 7.050624181152668825e+03 1.179389323979246910e+03
1.107941985496373682e+00 9.872791453572470346e+03 1.461106873914154221e+03
9.102225556389091921e-01 6.096198364694039810e+03 9.530701816850347541e+02
1.119924981245310924e+00 1.150156851168007415e+04 1.751817765671693678e+03
7.274818704676162540e-01 5.693324658702392298e+03 8.841123233973441984e+02
5.672093023255815325e-01 2.637625551334229840e+03 7.025061199668289191e+02
7.319754938734677197e-01 5.377378705972571879e+03 7.423007613425910449e+02
6.031582895723932580e-01 3.491787443304259341e+03 3.204545017611290518e+02
6.016604151037761028e-01 3.740263183009038585e+03 8.971773035066361217e+02
1.223405851462864291e-01 5.901955330367090937e+02 1.511368706294621944e+01
1.152878219554888339e+00 7.888849682860643043e+03 1.307601579059988126e+03
1.570785196299074649e+00 1.572796112771467779e+04 2.669314731757013760e+03
1.136401600400099632e+00 8.012340497031653285e+03 1.324755865265232615e+03
4.968092023005752367e-01 2.459953671060852685e+03 3.458914678769644979e+02
2.901025256314078149e-01 1.479490744567257025e+03 9.654379344253671036e+01
4.503750937734434245e-01 2.561337298073397051e+03 2.508324896295052042e+02
4.683495873968492873e-01 2.569356706623836089e+03 2.495903125863663945e+02
4.968092023005752367e-01 3.091995684124326999e+03 3.913382982422803593e+02
1.118427106776693769e+00 7.516869791219952276e+03 1.675654964892411272e+03
1.464436109027256627e+00 9.534294466094186646e+03 1.946847394535859166e+03
5.537284321080271354e-01 2.790817805181329277e+03 3.879715766808425315e+02
9.686396599149782460e-01 4.744501000889070383e+03 1.535980596911367002e+03
4.204176044011003199e-01 2.614581599646612176e+03 2.361196336865255034e+02
1.233763440860214722e+00 9.529120916305460923e+03 1.830944137482835458e+03
1.344606151537884209e+00 1.343741057034691949e+04 1.934131236965800781e+03
9.057289322330577264e-01 5.111248016286642269e+03 1.127224981466837789e+03
1.446461615403850764e+00 9.630456083765262520e+03 1.762579094734571754e+03
4.698474618654664425e-01 2.169662351293044594e+03 4.454209664396413473e+02
1.413508377094273349e+00 1.136701331434029271e+04 2.336164573783091782e+03
2.826131532883220387e-01 1.632701791641936552e+03 1.403500676510043377e+02
7.020180045011246150e-01 4.533674988951047453e+03 8.955371479201998000e+02
9.476694173543380728e-01 6.625192562927156359e+03 1.396571997782190238e+03
6.660690172543128895e-01 5.319851515270990603e+03 7.666372962618459042e+02
7.963840960240053946e-01 4.846916141048736790e+03 9.588069042269277134e+02
1.263720930232557826e+00 7.851091950083904521e+03 1.434251860416244199e+03
1.016571642910727213e+00 5.776925554180529616e+03 1.472648712052923656e+03
8.682820705176288456e-01 5.856148222800057738e+03 1.018903813628299531e+03
5.642135533883472220e-01 2.917645490281244747e+03 5.086353333318101022e+02
7.873968492123024632e-01 5.523137817814224036e+03 6.183691377834361447e+02
3.889622405601400601e-01 2.060183225528319781e+03 3.208987994753208000e+02
4.908177044261066158e-01 1.789222572778095127e+03 7.009579431406389176e+02
1.702725681420353965e-01 7.708485055873298961e+02 5.634455838872644762e+01
6.735583895973986657e-01 3.793024199710574067e+03 9.427345757792720633e+02
1.426989247311827747e+00 8.153725689457285625e+03 2.252288499150997268e+03
9.791247811952983326e-01 6.963929736355672503e+03 8.616026514329506654e+02
5.702050512628158430e-01 2.391677441021934555e+03 3.767304916777528092e+02
4.129282320580145438e-01 2.637269942875123434e+03 3.077042852849710926e+02
8.218479619904970335e-01 5.815531485880581386e+03 1.012853619743469608e+03
4.009452363090773019e-01 2.545687394250188845e+03 3.344438865382323343e+02
5.702050512628158430e-01 3.369950168553871663e+03 4.378170925368686994e+02
1.280197549387346534e+00 9.027168594887833024e+03 1.527253606431620256e+03
4.653538384596149768e-01 3.093412295403828921e+03 4.251882873987127596e+02
5.986646661665417923e-01 3.365085337437598355e+03 5.101369024667326926e+02
9.281970492623150548e-01 5.488476491509730295e+03 1.159643037984433477e+03
4.593623405851463559e-01 2.945182271365021734e+03 2.988999703195710822e+02
1.004588647161789972e+00 7.823485530923516308e+03 1.266721420768087000e+03
6.600775193798442686e-01 3.754516629961400213e+03 5.213585758959322902e+02
1.185831457864465754e+00 1.117670516499432597e+04 1.798827981015396972e+03
1.304163540885221018e+00 1.012622921705808949e+04 2.124079638113038982e+03
5.941710427606903266e-01 3.209743402394626173e+03 6.221052339665552608e+02
4.249112278069517856e-01 2.404223404860802020e+03 2.961216022614522672e+02
7.169967491872961673e-01 4.855314954967606354e+03 6.139395642789107796e+02
5.312603150787698070e-01 3.955266314549565323e+03 4.005353711185789507e+02
8.113628407101769469e-01 4.808577574392535098e+03 5.666393174847306682e+02
7.544436109027250481e-01 4.450952541535551973e+03 7.416608248779473342e+02
1.086971742935733509e+00 8.138290613578346893e+03 1.335335685875445733e+03
1.459942485621405162e+00 9.847195044861999122e+03 2.106527272274910501e+03
6.570817704426099581e-01 4.427371898380210041e+03 4.556095960096883459e+02
1.197814453613402996e+00 8.106066619049601286e+03 1.949305924455746208e+03
7.289797449362334092e-01 5.560856416631981119e+03 6.295311143042615640e+02
1.077984496124030578e+00 8.401173158160079765e+03 1.227340540240194059e+03
7.110052513128275464e-01 4.521767511422091957e+03 6.568365118994609020e+02
6.256264066016505865e-01 4.308903144989557404e+03 4.764829812463956387e+02
8.652863215803945351e-01 4.848617817488338005e+03 7.305945316774088951e+02
1.332623155788946967e+00 7.329647216689555535e+03 2.268374589279310840e+03
9.581545386346581594e-01 5.082470041008206863e+03 1.070810469759256875e+03
1.353593398349587140e+00 1.257051505323739912e+04 2.264856669221741413e+03
2.268794698674668542e+00 1.253187033653890649e+04 4.099437042111219853e+03
1.328129532383095501e+00 1.036630712721437521e+04 2.003685194239772272e+03
5.896774193548388610e-01 3.821931177195920554e+03 3.739117566298009478e+02
1.115431357839459459e+00 9.022807514550229826e+03 1.536146027591609482e+03
5.327581895473869622e-01 3.110121731988569536e+03 4.281770996073790911e+02
3.874643660915229049e-01 2.460624431796459248e+03 1.948662270849850131e+02
1.048027006751687473e+00 8.407520052499417943e+03 1.629091615302019363e+03
7.154988747186790121e-01 4.765574475167407400e+03 5.655624193260886159e+02
7.858989747436853079e-01 2.369940177234748717e+03 9.513282546153875501e+02
4.219154788697174752e-01 3.009833719016426130e+03 5.610521224541810170e+02
9.057289322330577264e-01 6.312293366790054279e+03 8.192181086898651756e+02
7.634308577144279795e-01 3.901222420470124689e+03 5.142726744440903985e+02
7.829032258064509975e-01 5.040260829840507540e+03 7.037033325554322118e+02
4.578644661165292007e-01 2.903448033326316818e+03 2.613009087489734839e+02
1.388172043010751366e-01 6.697570989276705404e+02 2.193999283166198566e+01
4.383920980245061827e-01 2.400435723717522251e+03 1.875861464947583954e+02
5.687071767941986877e-01 2.937724420905889929e+03 4.171632393811737529e+02
5.237709427356840308e-01 3.548508053878748797e+03 3.522547221187151649e+02
6.960265066266559941e-01 4.157220490797563798e+03 5.212468055293805946e+02
7.349712428107020301e-01 5.180468683399933070e+03 7.493289400297913971e+02
9.701375343835954013e-01 8.093268690137096200e+03 1.038069543932809211e+03
7.319754938734677197e-01 4.118942922193386948e+03 7.909346579011372569e+02
7.574393598399593586e-01 5.536964611794696793e+03 1.098681099212239133e+03
1.446461615403850764e+00 9.169049660703383779e+03 1.917723793112455951e+03
4.818304576144036844e-01 2.915017781005761663e+03 2.324671140794337703e+02
1.076486621655413423e+00 3.355977466458262825e+03 1.590269674498837276e+03
4.338984746186547170e-01 2.462629606499050624e+03 1.586208316887709771e+02
9.791247811952983326e-01 6.446855120352438462e+03 1.175521300071151927e+03
1.418002000500124815e+00 1.018908141772139970e+04 2.542494729609676142e+03
1.485406351587896800e+00 1.096612370093302525e+04 2.453963507712486717e+03
1.232265566391597567e+00 9.743410066811455181e+03 1.790486889016282248e+03
6.525881470367584924e-01 5.381339124031263964e+03 8.690655353867077793e+02
6.810477619404844418e-01 4.077126803883032153e+03 8.322417414846466954e+02
1.028682170542634111e-01 5.181502454650362779e+02 1.684892719232193059e+01
6.855413853463359075e-01 4.983350119117614668e+03 6.395094033381483314e+02
4.728432108027007530e-01 2.462033631343751949e+03 3.364604225629854000e+02
4.593623405851463559e-01 2.100336514033502681e+03 4.337100155343924257e+02
3.305451362840710061e-01 1.879610069171411169e+03 1.751890389861654853e+02
1.110937734433607993e+00 6.411540723359294134e+03 1.576822619173179874e+03
9.177119279819949682e-01 5.020956747922626164e+03 1.074447444731400992e+03
7.634308577144279795e-01 4.864162567285244222e+03 1.066593859487960344e+03
3.170642660665166090e-01 1.620494459542663435e+03 1.356051337898345821e+02
7.544436109027250481e-01 4.922488522540171289e+03 1.000065881662832908e+03
7.169967491872961673e-01 4.526241506928907256e+03 9.278139513912922212e+02
5.717029257314329982e-01 3.119885146621259537e+03 6.340522565216723478e+02
6.136434108527133446e-01 3.972200721817022441e+03 5.399332925625972166e+02
5.312603150787698070e-01 3.843077381600365698e+03 4.397658569897574807e+02
9.401800450112522967e-01 5.795785078027159216e+03 1.477144616559328824e+03
4.818304576144036844e-01 3.095026000470813869e+03 2.448978738309035066e+02
1.275703925981495068e+00 1.067529768677801076e+04 2.208938726116949056e+03
7.993798449612397050e-01 5.140033506419134937e+03 4.256674185353691087e+02
5.597199299824957563e-01 2.964408626542074671e+03 2.671188519878925263e+02
5.237709427356840308e-01 2.836528301101246598e+03 3.064656817814801570e+02
