3.266983509063720703e+00 2.744511523437500000e+04 3.316876953125000000e+03
2.635967969894409180e+00 2.512613085937500000e+04 1.990626464843750000e+03
4.523061752319335938e+00 4.809809765625000000e+04 5.692870117187500000e+03
1.010805368423461914e+00 6.902125488281250000e+03 1.541655731201171875e+02
2.832416296005249023e+00 2.024648046875000000e+04 3.520768554687500000e+03
5.046923637390136719e+00 5.336185156250000000e+04 3.782888183593750000e+03
3.302701234817504883e+00 3.074358984375000000e+04 3.173767333984375000e+03
3.701550722122192383e+00 3.324877343750000000e+04 4.631520996093750000e+03
2.076388120651245117e+00 1.473127636718750000e+04 2.403575683593750000e+03
6.166082859039306641e+00 6.473562109375000000e+04 8.063729980468750000e+03
4.988494217395782471e-01 2.864332519531250000e+03 2.714358329772949219e+01
2.362131118774414062e+00 2.260363867187500000e+04 2.529494873046875000e+03
2.177588701248168945e+00 1.826560937500000000e+04 8.366984252929687500e+02
2.082341194152832031e+00 1.874991210937500000e+04 2.305094726562500000e+03
3.344372272491455078e+00 2.357973437500000000e+04 6.280823730468750000e+03
7.905452847480773926e-01 5.020994140625000000e+03 6.611354064941406250e+01
3.052676439285278320e+00 2.460689257812500000e+04 2.015608154296875000e+03
4.898098945617675781e+00 4.692644531250000000e+04 4.789859863281250000e+03
3.177688837051391602e+00 3.005553125000000000e+04 2.079132812500000000e+03
9.750875234603881836e-01 6.534251464843750000e+03 1.418639068603515625e+02
4.052776336669921875e+00 3.904384765625000000e+04 5.296291015625000000e+03
2.153776884078979492e+00 1.894410351562500000e+04 1.427541015625000000e+03
2.904952466487884521e-01 1.749699462890625000e+03 1.576716308593750000e+02
4.951675891876220703e+00 4.326892578125000000e+04 7.800458984375000000e+03
2.428714334964752197e-01 1.046116699218750000e+03 1.423604736328125000e+02
2.374037027359008789e+00 2.023926757812500000e+04 7.455868530273437500e+02
4.267083644866943359e+00 3.764992578125000000e+04 4.285968750000000000e+03
8.024512529373168945e-01 4.734768554687500000e+03 5.807013549804687500e+02
2.963381767272949219e+00 2.570012890625000000e+04 2.731782470703125000e+03
9.691345691680908203e-01 6.632060058593750000e+03 1.795123901367187500e+02
9.750875234603881836e-01 6.535856933593750000e+03 1.190736999511718750e+02
3.500249981880187988e-01 1.865200073242187500e+03 3.043095016479492188e+01
3.440720438957214355e-01 1.862046020507812500e+03 1.332400417327880859e+01
2.772886514663696289e+00 2.361120898437500000e+04 1.169859619140625000e+03
3.719409704208374023e+00 3.340622265625000000e+04 1.936488891601562500e+03
2.147823810577392578e+00 1.745072460937500000e+04 7.455386352539062500e+02
3.046723365783691406e+00 2.769355664062500000e+04 2.200273681640625000e+03
3.195547819137573242e+00 2.661446679687500000e+04 3.679334716796875000e+03
2.296648263931274414e+00 1.617783593750000000e+04 1.528915039062500000e+03
2.189494848251342773e+00 1.801044921875000000e+04 7.856836547851562500e+02
3.778939485549926758e+00 3.368446875000000000e+04 5.090957031250000000e+03
2.909804821014404297e+00 2.497877539062500000e+04 1.568986938476562500e+03
2.219259738922119141e+00 1.565705761718750000e+04 1.453074218750000000e+03
9.691345691680908203e-01 6.326912597656250000e+03 1.246618423461914062e+02
2.368083953857421875e+00 1.978133203125000000e+04 7.739755249023437500e+02
2.683591842651367188e+00 2.310417968750000000e+04 5.416324707031250000e+03
3.350325107574462891e+00 2.470938867187500000e+04 3.815290039062500000e+03
